  1   36   0   5  
  2    0  14  10
  3    1  30   4
  4    0  50   3
  5    1  40   1
  6    4   0   6
  7    0  15   6
  8   11   0   5
  9    0   5  16
 10    0   1  17
 11    6  15   3
 12    2  40   4
 13    4  20   6
 14   12   0   9
 15    0  45   5
 16    1  15   4
 17    2  15  10
 18   13   0   5
 19    2  45   4
 20    0   3   4
 21    4  15   5
 22    1  15   7
 23    6  25   2
 24    1   5   2       
 25    0  10   6
 26    3  20   1
 27    0   4  11
 28    0  18   3
 29    0  13   4
 30    0  35   6
 31    0  15   2
 32    0  17   5
 33    0  35   8
 34    0  14   6
 35   16   0   3
 36    0   3   9
 37    0  11   2
 38    0  19   4
 39    0  12   6
 40    0  17   3
 41    1  20   5
 42    3  10   8
 43    0  16   4
 44    2  10  12
 45    0   4   5
 46    1  50   3
 47    1  50   7
 48    9  30   8
 49    1  10   1
 50    0  17   5
 51   20   0   1
 52    0   2   9
 53    0  14   4
 54    0  16   2
 55    0  40   6
 56    0  21   3
 57    0  45   5
 58    1  40   8
 59    0  13   4
 60    2  10   2
 61    1   0   7
 62   10  20  13
 63    9   0  13
 64   15   0   5
 65    0  14  10
 66    0  35   1
 67    1  10   4
 68    0  40   8
 69    1  30   6
 70    0  16   7
 71   18   0   5
 72    0  11  14
 73    5   0   4
 74    0  30   1
 75    0  45   7
 76   13  30  12
 77    0  37   5
 78    0  44   3
 79    0  34   4
 80    0  50   6
 81    0  46   7
 82    0  15   5
 83    0  57   5
 84    1  14   3
 85    0  14   4
 86    0  50   6
 87    0  16   3
 88    5  15   5
 89    0  18   3
 90    1   0   6
 91    1  10   4
 92    1  40   7
 93    8   0   5
 94   23   0   5
 95    0  12  10
 96    1  20   9
 97    7  17  11
 98    0  13   7
 99    0  15   5
100    1   0   7
101    1  16   4
102    0  15   6
103    0  15   3
104   14   0   7
105    1   0   9
106    7   0   5
107    6  15   7     